2.699393274952567312e-01
2.045111661185850804e-01
1.863489475457908162e-01
1.766433377658730985e-01
1.702104128014924334e-01
1.658613860931269501e-01
1.622170690506857249e-01
1.595358255956027260e-01
1.572859062734686120e-01
1.552657084049972880e-01
1.538890318102140720e-01
1.525957194271259365e-01
1.511086315110922729e-01
1.500538178811218204e-01
1.491891906047168592e-01
1.483673459216797164e-01
1.476268574838946190e-01
1.471767388353747430e-01
1.470874034197272862e-01
1.466110615878656320e-01
1.460329977324768547e-01
1.455424281516313201e-01
1.451472907708558913e-01
1.445263729678185893e-01
1.442032788005588317e-01
1.438673791428653759e-01
1.435624047121299152e-01
1.431514923375744874e-01
1.428472918303301809e-01
1.426170600986718107e-01
